1	0	10025
2	10025	18608
3	28633	11780
4	40413	12152
5	52565	9372
6	61937	8841
7	70778	7146
8	77924	13988
9	91912	16547
10	108459	14694
11	123153	14200
15	137353	17980
16	155333	4806
17	160139	8192
18	168331	10034
19	178365	1299
20	179664	7506
21	187170	16472
22	203642	6766
23	210408	8751
24	219159	5354
25	224513	2684
26	227197	1428
27	228625	3826
28	232451	3717
29	236168	1495
30	237663	9732
31	247395	12148
32	259543	8343
33	267886	3521
34	271407	4868
35	276275	2086
36	278361	2831
38	281192	24374
39	305566	2008
40	307574	2942
41	310516	1148
43	311664	17661
45	329325	3831
46	333156	5007
47	338163	8048
48	346211	4643
49	350854	3496
50	354350	3933
51	358283	5044
52	363327	2247
53	365574	1885
54	367459	2501
55	369960	4301
56	374261	3295
57	377556	3167
58	380723	4246
59	384969	2806
60	387775	8381
61	396156	5951
62	402107	8263
63	410370	26664
64	437034	12003
65	449037	15357
66	464394	40210
67	504604	32903
68	537507	4946
69	542453	15284
70	557737	23274
71	581011	248
72	581259	248
73	581507	278
74	581785	237
76	582022	230
77	582252	239
78	582491	221
79	582712	228
80	582940	242
81	583182	254
83	583436	215
84	583651	272
85	583923	236
89	584159	263
90	584422	266
91	584688	3618
92	588306	2560
93	590866	5100
94	595966	3699
95	599665	3789
97	603454	3706
98	607160	3285
99	610445	4536
100	614981	2809
101	617790	16353
102	634143	5331
103	639474	2307
104	641781	4280
105	646061	8600
106	654661	12563
107	667224	3003
108	670227	9137
109	679364	4454
110	683818	12613
111	696431	10186
112	706617	5416
113	712033	1955
114	713988	6970
115	720958	6437
116	727395	3941
117	731336	7840
118	739176	14081
119	753257	4548
120	757805	5636
121	763441	2121
122	765562	4164
123	769726	3893
124	773619	2855
125	776474	3126
126	779600	9384
127	788984	4565
128	793549	2881
129	796430	2377
130	798807	9633
131	808440	4697
132	813137	6058
133	819195	7129
134	826324	5263
135	831587	3590
136	835177	3727
137	838904	17359
138	856263	2393
139	858656	4424
140	863080	5851
141	868931	2491
142	871422	6471
143	877893	3572
144	881465	4914
145	886379	16100
146	902479	2569
147	905048	3201
148	908249	5181
149	913430	8953
150	922383	7043
151	929426	8779
152	938205	21614
153	959819	17847
154	977666	5377
155	983043	5079
156	988122	3952
157	992074	7025
158	999099	5856
159	1004955	2691
160	1007646	5036
161	1012682	10046
162	1022728	4486
163	1027214	4630
164	1031844	8053
165	1039897	5594
166	1045491	2394
167	1047885	4457
168	1052342	8175
169	1060517	3919
170	1064436	11529
171	1075965	8876
172	1084841	3937
173	1088778	1897
174	1090675	3980
175	1094655	4392
176	1099047	3481
177	1102528	5493
178	1108021	15790
179	1123811	31763
180	1155574	11792
181	1167366	2812
182	1170178	3531
183	1173709	2190
184	1175899	4104
185	1180003	3567
186	1183570	2478
187	1186048	9566
188	1195614	2618
189	1198232	2923
190	1201155	4140
191	1205295	3555
192	1208850	2893
193	1211743	13616
194	1225359	3383
195	1228742	974
196	1229716	3019
197	1232735	4316
198	1237051	3239
199	1240290	9876
200	1250166	7690
201	1257856	2065
202	1259921	892
203	1260813	2425
204	1263238	1843
205	1265081	2737
206	1267818	3313
207	1271131	2004
208	1273135	2379
209	1275514	1666
210	1277180	2386
211	1279566	1680
212	1281246	1671
213	1282917	1337
214	1284254	5115
216	1289369	3556
217	1292925	2314
218	1295239	1303
220	1296542	2155
221	1298697	4697
222	1303394	287
223	1303681	276
224	1303957	287
225	1304244	300
226	1304544	286
227	1304830	304
228	1305134	86
229	1305220	86
230	1305306	4459
231	1309765	11828
232	1321593	13901
234	1335494	1703
235	1337197	606
236	1337803	13921
238	1351724	7534
239	1359258	29566
240	1388824	11125
241	1399949	3369
243	1403318	5366
244	1408684	11543
245	1420227	5217
247	1425444	8035
248	1433479	11431
250	1444910	9235
252	1454145	2254
255	1456399	6977
256	1463376	24110
258	1487486	7377
259	1494863	12591
260	1507454	207
261	1507661	212
262	1507873	204
263	1508077	217
266	1508294	209
268	1508503	217
280	1508720	11143
281	1519863	12662
282	1532525	1197
283	1533722	5644
284	1539366	4147
285	1543513	5178
286	1548691	18813
287	1567504	5517
288	1573021	5418
289	1578439	17794
290	1596233	6374
291	1602607	9968
292	1612575	7901
293	1620476	4340
294	1624816	6780
295	1631596	6234
296	1637830	3194
297	1641024	2551
298	1643575	1582
299	1645157	4016
300	1649173	3256
301	1652429	3844
302	1656273	2985
303	1659258	28742
304	1688000	7248
305	1695248	6266
306	1701514	1761
307	1703275	1796
308	1705071	1540
309	1706611	1221
310	1707832	6474
311	1714306	14288
312	1728594	14160
313	1742754	791
314	1743545	455
315	1744000	299
316	1744299	4136
317	1748435	2281
318	1750716	2728
320	1753444	8816
321	1762260	5427
322	1767687	243
323	1767930	3284
324	1771214	8599
325	1779813	2746
326	1782559	2398
327	1784957	4309
328	1789266	1987
329	1791253	2684
330	1793937	2115
331	1796052	1417
334	1797469	21044
335	1818513	4874
336	1823387	1608
337	1824995	7384
338	1832379	301
340	1832680	6012
341	1838692	4572
342	1843264	5063
343	1848327	2886
344	1851213	1978
345	1853191	10466
346	1863657	2319
347	1865976	4610
348	1870586	7468
350	1878054	6343
352	1884397	7716
353	1892113	10132
354	1902245	11126
355	1913371	13454
356	1926825	817
357	1927642	1405
358	1929047	825
360	1929872	813
362	1930685	1421
363	1932106	1429
364	1933535	1533
366	1935068	870
369	1935938	1496
370	1937434	1399
372	1938833	1424
373	1940257	862
374	1941119	867
378	1941986	811
379	1942797	830
381	1943627	862
382	1944489	1422
385	1945911	1420
386	1947331	1412
387	1948743	813
388	1949556	1473
389	1951029	1482
391	1952511	1451
392	1953962	1497
393	1955459	814
395	1956273	1683
396	1957956	1411
398	1959367	1439
399	1960806	1427
401	1962233	1374
402	1963607	878
403	1964485	1512
404	1965997	827
406	1966824	846
407	1967670	809
410	1968479	820
411	1969299	1553
412	1970852	808
413	1971660	1460
415	1973120	825
